0 
0 
0 
0 
0 
0 
0 
0 
0 
0 
0 
0 
0 
0 
0 
0 
0 
0 
0 
0 
0 
0 
0 
0 
0 
0 
0 
0 
0 
0 
0 
0 
0 
0 
0 
0 
0 
0 
0 
0 
0 
0 
0 
0 
0 
0 
0 
0 
0 
0 
0 
0 
0 
0 
0 
0 
0 
0 
0 
0 
0 
0 
2 
3 
4 
5 
0 
0 
0 
0 
0 
0 
0 
0 
0 
0 
0 
0 
0 
0 
0 
0 
0 
0 
0 
0 
0 
0 
0 
0 
0 
0 
0 
0 
0 
0 
0 
0 
0 
0 
0 
0 
0 
0 
0 
0 
0 
0 
0 
0 
0 
0 
0 
0 
0 
0 
0 
0 
0 
0 
0 
0 
0 
0 
0 
0 
1718 
-1091 
123 
1692 
-1941 
1190 
1232 
867 
-222 
52 
-1590 
-30 
-667 
-928 
702 
93 
-1466 
1426 
1863 
-1926 
388 
1811 
-1801 
1839 
544 
1570 
-10 
-1376 
551 
1237 
-897 
-735 
385 
628 
1595 
-1227 
1695 
-1709 
-688 
1503 
998 
1098 
1092 
1668 
963 
416 
1621 
-1131 
725 
-1109 
406 
-1043 
138 
-922 
-1677 
-118 
-1154 
1172 
-48 
-1705 
1020 
1570 
0 
0 
0 
0 
0 
0 
0 
0 
0 
0 
0 
0 
0 
0 
0 
0 
0 
0 
0 
0 
0 
0 
0 
0 
0 
0 
0 
0 
0 
0 
0 
0 
0 
0 
0 
0 
0 
0 
0 
0 
0 
0 
0 
0 
0 
0 
0 
0 
0 
0 
0 
0 
0 
0 
0 
0 
0 
0 
0 
0 
0 
0 
